[layer]
type=Tile Layer 1
data=
1,1,1,1,1,1,1,1,1,1,1,
1,21,21,21,21,21,21,21,21,21,1,
1,21,21,21,1,1,1,21,21,21,1,
1,1,6,0,1,21,1,0,5,1,1,
1,6,4,1,21,0,21,1,3,5,1,
6,4,1,0,1,21,1,0,1,3,5,
0,1,1,1,1,1,1,1,1,1,0,
0,0,0,0,0,8,0,0,0,0,0,
0,0,0,0,0,0,0,0,0,0,0,
0,0,0,0,0,0,0,0,0,0,0,
0,0,0,0,0,0,0,0,0,0,0.
[layer]
type=Tile Layer 2
data=
30,30,30,30,30,50,30,30,30,30,30,
20,21,21,21,21,21,21,21,21,21,20,
20,21,21,21,20,10,20,21,21,21,20,
20,10,50,0,20,21,20,0,50,10,20,
30,50,50,20,21,10,21,20,50,50,30,
50,50,20,0,20,21,20,0,20,50,50,
0,15,15,15,15,50,15,15,15,15,0,
0,0,0,0,0,8,0,0,0,0,0,
0,0,0,0,0,0,0,0,0,0,0,
0,0,0,0,0,0,0,0,0,0,0,
0,0,0,0,0,0,0,0,0,0,0.
