[layer]
type=Tile Layer 1
data=
7,1,1,1,1,1,1,1,1,1,7,
1,0,1,1,1,7,1,1,1,0,1,
1,0,1,1,1,7,1,1,1,0,1,
1,1,1,1,7,0,7,1,1,1,1,
1,0,1,7,1,0,1,7,1,0,1,
1,0,7,1,1,0,1,1,7,0,1,
1,1,1,1,1,0,1,1,1,1,1,
0,0,0,0,0,0,0,0,0,0,0,
0,0,0,0,0,0,0,0,0,0,0,
0,0,0,0,0,0,0,0,0,0,0,
0,0,0,0,0,0,0,0,0,0,0,
0,0,0,0,0,0,0,0,0,0,0.
[layer]
type=Tile Layer 2
data=
7,50,50,50,50,50,50,50,50,50,7,
50,0,5,5,5,7,5,5,5,0,50,
50,0,40,40,40,7,40,40,40,0,50,
50,50,20,20,7,0,7,20,20,50,50,
50,0,20,7,30,0,30,7,20,0,50,
50,0,7,30,30,0,30,30,7,0,50,
30,30,30,30,30,0,30,30,30,30,30,
0,0,0,0,0,0,0,0,0,0,0,
0,0,0,0,0,0,0,0,0,0,0,
0,0,0,0,0,0,0,0,0,0,0,
0,0,0,0,0,0,0,0,0,0,0,
0,0,0,0,0,0,0,0,0,0,0.
