[layer]
type=Tile Layer 1
data=
0,1,0,1,0,1,3,5,0,1,0,
1,0,1,0,1,0,1,3,5,0,1,
8,1,1,1,1,1,1,1,7,1,8,
1,1,1,1,1,1,6,0,4,1,1,
1,1,1,0,1,6,7,4,1,0,1,
1,1,0,1,6,7,4,1,0,1,1,
1,0,1,6,7,4,1,0,1,1,1,
22,22,1,7,4,22,22,22,22,22,22,
0,0,0,0,0,0,0,0,0,0,0,
0,0,0,0,0,0,0,0,0,0,0,
0,0,0,0,0,0,0,0,0,0,0,
0,0,0,0,0,0,0,0,0,0,0,
0,0,0,0,0,0,0,0,0,0,0.
[layer]
type=Tile Layer 2
data=
0,30,0,30,0,30,30,30,0,30,0,
30,0,30,0,30,0,30,30,30,0,30,
8,30,30,30,30,30,30,30,7,30,8,
30,30,30,10,30,30,30,0,30,10,30,
30,30,30,0,30,30,7,30,30,0,30,
30,30,0,30,30,7,30,30,0,30,30,
30,0,30,30,7,30,30,0,30,30,30,
22,22,30,7,30,22,22,22,22,22,22,
0,0,0,0,0,0,0,0,0,0,0,
0,0,0,0,0,0,0,0,0,0,0,
0,0,0,0,0,0,0,0,0,0,0,
0,0,0,0,0,0,0,0,0,0,0,
0,0,0,0,0,0,0,0,0,0,0.
